5985
597
4707
2909
5015
4133
2547
742
164
7360
0
7896
6051
1239
3279
1571
7467
3368
4686
2534
7568
5633
7869
566
4349
8327
2996
5918
7985
7372
9847
8294
2373
9467
5805
1446
8280
2771
634
8973
4576
5799
6029
7987
8447
3118
1316
7770
9113
4404
4666
9450
155
8353
7330
3671
3649
1116
9072
6725
8556
48
5382
3025
5767
7402
6739
4036
1175
4672
8104
5916
435
1303
7041
4389
6519
553
7004
1353
6390
5704
8785
4220
9131
6353
4483
8821
9909
3394
4978
3097
7961
3618
5669
8013
24
1695
1411
4823
5119
54
4120
7906
3911
8541
494
2363
8969
9349
4641
2976
6662
1523
876
3229
6778
2833
5054
8472
9085
3145
6290
4408
8403
5117
9220
1497
481
8825
1674
1042
3481
7437
5851
6687
4964
9515
6843
8204
1268
8975
6179
6758
1885
959
5323
8284
3016
7527
5891
445
5497
1004
7337
4600
3483
911
8122
5256
3506
5556
7798
3967
3927
3290
5852
5499
9408
5046
6878
7810
1942
1489
6832
8232
7161
7300
3617
1278
9832
9190
4945
2431
6214
7557
7400
545
7351
2975
4191
9244
3739
5176
4665
6466
3095
1193
5725
4883
6618
6628
7277
6130
7548
6220
9990
6975
6028
9050
1408
4544
5961
4421
7888
5456
7485
4380
5169
1502
1782
3557
5631
1198
196
7276
4047
3854
1501
3442
2922
8907
5231
2383
1949
1916
6546
2389
5062
825
5280
2743
6608
1614
1176
3881
7036
1110
251
3347
2804
9091
3611
7188
2877
5917
5774
5954
6386
3057
7392
2770
9086
2337
6882
5949
7193
5743
7613
9848
4058
4540
5989
1925
4794
9341
1658
7783
3831
1844
7565
5557
2992
5099
9654
3489
7808
2917
6370
4021
4706
3380
154
2282
7296
4291
8176
9984
2376
2932
2183
3427
5683
8769
3398
9694
8085
1436
9110
1202
6102
5104
5157
8780
6261
4203
3625
3774
2177
9995
5999
7097
7494
4739
2147
4243
860
1155
3948
4402
8554
8630
7563
6011
3921
2382
1703
5755
73
6477
3431
501
9828
6153
9985
7450
7304
550
6855
6533
8102
4586
335
6594
2765
8319
609
1896
6015
419
836
9259
2299
9631
5492
6465
1247
6109
1226
8620
9500
5351
5552
8459
7092
1520
3778
3600
4973
9051
7899
1684
6170
129
3482
5098
7721
9209
3564
2013
8324
3849
7274
3781
9522
2109
5842
5834
5128
9517
5390
8607
2536
618
4748
7441
8323
8117
5628
960
8902
2561
3376
7124
850
2868
9469
6188
617
8263
1776
5947
307
7000
1564
6928
2723
4097
9673
7920
6984
4525
571
9823
5154
8952
439
4246
3935
6990
8329
5841
4432
2203
5303
9807
1807
5145
3116
9552
5407
775
6526
4330
9699
7411
4071
1701
7653
2589
2684
9250
7775
7710
3372
2047
5372
1397
3503
9573
5212
6884
6529
104
3110
15
1336
2353
2166
1452
3396
6724
1046
8542
7778
802
1772
2946
7588
949
3555
8524
4283
7011
2604
169
6362
6023
8041
2352
